336.943298 377.961304 18.000000 26.091097 40981.132812 0 -1
194.311981 353.726898 22.000000 337.740265 30809.169922 0 -1
241.664001 380.450531 21.000000 0.038370 24834.478516 0 -1
154.424866 364.399780 40.000000 185.564194 23554.154297 1 -1
303.173523 323.078888 15.000000 284.740112 22548.851562 0 1
298.109100 324.658417 27.000000 265.968292 22221.833984 0 1
171.050293 346.241577 16.000000 200.409485 21683.894531 0 -1
300.178223 323.706909 23.000000 272.748291 19744.867188 0 1
222.051880 310.490265 18.000000 250.464417 19265.310547 0 -1
298.720917 325.139404 29.000000 195.203506 19130.683594 1 1
208.623123 320.858215 15.000000 0.446881 17952.205078 0 -1
295.964569 322.715302 16.000000 263.421143 17755.050781 0 1
212.972534 336.319458 42.000000 239.661774 16995.453125 1 -1
320.585358 127.238983 29.000000 181.060745 16462.816406 0 1
320.286041 127.219734 31.000000 181.257599 16057.438477 1 1
11.240277 335.593567 16.000000 337.330933 15711.312500 0 -1
276.586182 335.634644 19.000000 348.144318 15654.355469 0 1
152.388992 358.992828 22.000000 14.334863 14556.832031 0 -1
154.416214 320.967621 15.000000 189.591385 14409.870117 0 -1
312.660248 117.868156 22.000000 191.186325 14219.742188 0 -1
34.498253 362.987335 22.000000 158.523117 13697.221680 0 -1
194.171326 321.971741 15.000000 320.906128 13273.339844 0 1
34.115154 364.504486 20.000000 158.532562 13125.040039 0 -1
207.175705 343.731354 16.000000 353.779877 13025.562500 0 -1
58.905617 324.625031 12.000000 283.238403 12573.556641 0 -1
196.634064 340.267670 29.000000 353.529785 12474.653320 1 1
305.976715 312.143219 28.000000 185.012939 12121.529297 0 -1
37.243855 292.907013 22.000000 214.910278 12106.774414 0 1
269.133026 275.487610 178.000000 257.438995 12042.131836 3 -1
152.835144 350.997620 16.000000 81.319420 11892.813477 0 1
196.542099 341.185272 27.000000 358.416443 11649.444336 0 1
144.473526 337.301544 18.000000 191.260818 11069.378906 0 1
135.186615 343.244171 23.000000 197.441071 11023.422852 0 -1
230.683441 321.784149 43.000000 262.121002 10742.597656 1 1
139.039856 324.332428 28.000000 260.773682 10663.282227 0 -1
102.433037 374.662170 17.000000 91.672485 10652.295898 0 -1
343.491730 162.776672 20.000000 353.190887 10545.047852 0 1
331.185730 388.255951 16.000000 277.528809 10479.897461 0 -1
303.217743 311.771484 35.000000 184.956894 10237.498047 1 -1
106.995613 320.061401 14.000000 320.977173 10201.148438 0 -1
300.729553 308.866669 52.000000 190.657837 10180.002930 2 -1
301.200836 309.797119 51.000000 193.284561 10172.549805 1 -1
76.874001 379.121918 26.000000 181.565659 10093.198242 0 1
17.887339 329.567078 18.000000 354.213654 10064.280273 0 1
37.119110 311.841888 54.000000 306.287903 9935.687500 1 1
128.643982 315.971466 16.000000 356.628632 9803.649414 0 1
139.104935 324.534393 31.000000 236.714493 9646.122070 1 -1
141.909210 313.221741 15.000000 282.891815 9442.189453 0 1
40.450283 360.842346 15.000000 171.649216 8907.998047 0 1
197.071747 325.936249 36.000000 345.742188 8742.152344 1 1
145.428741 328.231812 20.000000 176.621368 8627.314453 0 -1
174.825165 312.224030 16.000000 191.735077 8484.062500 0 1
237.129608 318.221741 23.000000 275.356598 8160.147949 0 1
280.949554 314.063812 16.000000 343.892822 8108.050293 0 1
197.802170 377.832733 20.000000 93.898270 8055.215332 0 1
275.477417 353.245850 16.000000 20.448008 8003.074219 0 1
37.561947 294.556122 28.000000 213.227356 7938.178711 1 1
309.906494 134.709625 15.000000 169.451248 7849.861816 0 -1
154.978409 328.615784 20.000000 352.602936 7796.478516 0 1
308.217194 316.593231 14.000000 180.667267 7753.295898 0 -1
102.540199 333.210632 21.000000 242.636414 7749.462402 0 -1
157.654388 370.760986 14.000000 183.989578 7679.162109 0 -1
276.410980 326.738220 20.000000 340.775269 7676.044922 0 1
262.683380 338.358673 17.000000 330.495392 7666.803711 0 1
262.656708 360.007416 22.000000 2.085651 7663.147461 0 -1
177.793854 364.210083 54.000000 189.882507 7610.689941 1 1
335.665649 369.045654 16.000000 14.256331 7593.197266 0 1
197.379471 325.085388 30.000000 346.626617 7583.513672 0 1
320.210419 97.794228 19.000000 357.192657 7565.700195 0 1
80.443710 368.355255 20.000000 311.919342 7418.883301 0 -1
204.008667 315.288879 14.000000 275.514771 7370.445801 0 1
291.631683 312.378876 27.000000 267.944702 7239.226074 0 -1
127.739105 325.850647 14.000000 3.461159 7238.820801 0 1
307.776978 138.023224 27.000000 178.270737 7179.588379 0 -1
263.014038 350.883606 16.000000 351.271362 7170.502930 0 1
327.452026 111.518555 17.000000 355.357086 7100.373535 0 -1
198.449646 329.727020 31.000000 350.716644 7021.687500 1 1
226.317871 318.631195 15.000000 252.148132 6992.573730 0 1
332.064240 169.961060 78.000000 353.576935 6982.202637 2 1
265.787201 328.062164 26.000000 189.689758 6952.277344 0 -1
82.656090 368.311340 22.000000 70.457703 6951.152344 0 -1
289.639282 313.502228 22.000000 265.810974 6881.581543 0 -1
249.021408 334.475525 15.000000 312.374268 6876.388184 0 1
125.975838 338.218597 19.000000 353.608826 6806.915527 0 1
263.913116 327.906067 30.000000 338.181580 6764.792480 1 -1
217.750366 340.698181 15.000000 195.449203 6740.590332 0 -1
346.368225 377.327240 21.000000 180.711151 6709.260742 0 1
268.353546 330.913422 16.000000 179.351807 6707.596191 0 -1
85.015686 367.670959 31.000000 197.110672 6541.945312 1 -1
265.943207 326.234375 23.000000 184.213440 6496.860352 0 -1
286.676361 329.297943 21.000000 187.956024 6425.035156 0 -1
305.798309 139.241089 33.000000 176.971695 6417.201172 1 -1
177.660156 359.408783 46.000000 182.097107 6375.210449 1 1
18.401962 350.292053 17.000000 352.415466 6345.573730 0 1
84.736885 368.038574 28.000000 204.825562 6297.855469 0 -1
198.852783 328.776978 28.000000 352.433990 6274.732422 0 1
286.660614 354.425293 22.000000 181.503525 6212.683594 0 -1
167.187286 325.763428 23.000000 357.814331 6085.295410 0 -1
290.841766 312.144775 31.000000 268.828003 5998.885254 1 -1
135.946442 356.839020 30.000000 18.553205 5898.538086 1 1
192.290192 329.775482 54.000000 270.973145 5821.937988 1 1
223.877899 347.294739 20.000000 210.399551 5792.922363 0 1
33.067677 349.119354 20.000000 173.463089 5727.403809 0 1
48.290218 370.002899 15.000000 181.812653 5593.408203 0 1
142.830536 324.875305 29.000000 241.013062 5535.686523 0 -1
114.193779 317.240265 20.000000 281.492676 5524.263184 0 1
287.972992 341.356781 16.000000 189.430771 5519.879883 0 -1
178.405014 348.770630 16.000000 302.852875 5517.745117 0 1
187.875580 332.274445 22.000000 176.306732 5491.380371 0 -1
184.393448 334.441925 27.000000 178.605789 5452.633789 0 -1
344.814514 193.866013 22.000000 356.551819 5448.921875 0 1
289.881226 329.711212 16.000000 183.138306 5442.395508 0 -1
212.057846 326.066437 28.000000 351.230469 5349.576172 0 -1
186.043579 334.112915 29.000000 178.356079 5315.075684 1 -1
185.136383 334.507202 28.000000 179.999161 5292.490234 0 -1
300.254303 199.750015 67.000000 179.391724 5291.185547 2 -1
271.211029 345.159454 25.000000 354.049805 5272.416016 0 -1
285.728210 377.713928 21.000000 179.956039 5232.214355 0 -1
137.445084 359.342590 30.000000 12.357227 5189.567383 0 1
108.264549 387.755554 15.000000 102.349556 5184.419922 0 1
320.022369 111.871277 15.000000 180.991852 5182.787598 0 1
276.040344 318.789337 39.000000 283.206207 5175.882812 1 1
73.664017 318.727142 14.000000 189.392349 5097.311035 0 1
289.977692 316.548279 15.000000 260.265320 5083.967285 0 -1
121.521782 321.808502 17.000000 190.573517 4978.839844 0 -1
357.223389 332.219543 15.000000 198.664215 4923.406250 0 1
274.845764 357.212463 32.000000 351.826599 4864.697754 1 1
25.882267 368.842072 15.000000 346.465607 4820.607910 0 1
212.608902 326.526184 31.000000 350.875092 4728.898926 1 -1
151.726395 340.332611 16.000000 344.939148 4511.835449 0 -1
216.236252 318.173218 14.000000 135.501068 4499.220703 0 1
324.295166 46.916245 22.000000 6.948226 4452.345703 0 -1
274.569672 362.146637 31.000000 357.400940 4417.285645 1 1
308.666199 155.816635 15.000000 177.826309 4410.646973 0 -1
199.015091 362.250183 14.000000 262.599487 4385.136230 0 1
184.124741 341.466583 21.000000 184.414749 4369.152344 0 -1
142.087738 321.149719 21.000000 149.882721 4360.263672 0 -1
74.312279 375.580475 15.000000 188.235306 4338.083008 0 1
23.505875 321.135834 16.000000 181.264328 4318.491699 0 -1
283.500763 345.252686 40.000000 190.770355 4307.035156 1 -1
141.670670 319.476807 17.000000 155.119980 4297.102051 0 -1
307.955994 299.037354 15.000000 180.256989 4291.914062 0 -1
76.799927 337.708008 15.000000 348.723602 4277.732910 0 1
270.956787 345.238739 27.000000 352.807861 4273.718262 1 -1
344.030823 152.932327 21.000000 353.141754 4261.255371 0 -1
99.836655 318.030853 16.000000 271.589172 4257.613770 0 1
47.663517 299.504303 20.000000 328.716064 4241.052734 0 -1
358.790405 332.401367 19.000000 199.807022 4220.566895 0 1
314.720642 158.503311 16.000000 181.017670 4179.550293 0 1
347.076355 380.745209 15.000000 167.134094 4125.442383 0 1
300.140686 338.968109 45.000000 196.397858 4107.625000 1 1
300.265961 345.557312 44.000000 193.357437 4101.965820 1 1
102.668221 383.250732 13.000000 184.751419 4093.594971 0 -1
193.365891 343.214539 14.000000 178.478867 3993.328125 0 1
357.663757 222.622696 45.000000 354.827240 3987.274658 1 -1
271.951813 359.871643 19.000000 192.652023 3956.657959 0 1
16.791126 359.173859 21.000000 359.634979 3905.183838 0 1
334.036224 148.352707 30.000000 344.237183 3903.078125 1 1
63.769329 324.376648 27.000000 287.871765 3880.514648 0 -1
31.290543 307.639496 22.000000 196.480072 3879.248535 0 1
275.176941 359.505524 29.000000 352.676514 3877.045166 0 1
185.910004 351.630219 14.000000 351.347168 3870.666260 0 1
299.342529 335.044708 21.000000 194.339417 3864.136475 0 1
336.031006 149.333099 22.000000 349.962158 3860.473389 0 1
303.033539 333.385162 14.000000 349.029297 3826.259033 0 1
57.651722 306.929840 27.000000 326.408142 3821.990234 0 -1
274.464844 362.118896 28.000000 357.925842 3772.761475 0 1
24.373676 332.230255 15.000000 181.115402 3758.930176 0 -1
314.067169 334.924591 14.000000 201.586044 3758.249023 0 1
185.139893 317.176544 16.000000 272.560364 3752.408447 0 1
35.671234 347.111938 31.000000 164.219330 3748.632812 1 1
141.960831 360.414917 21.000000 4.580696 3746.449219 0 1
18.899382 358.628967 16.000000 1.701561 3674.314209 0 1
57.895565 306.244171 29.000000 318.975067 3661.213379 1 -1
143.888107 362.040100 16.000000 3.290560 3656.766113 0 1
169.073868 358.149384 27.000000 177.249725 3642.039795 0 1
43.358719 359.178467 19.000000 161.464554 3582.306152 0 1
145.979996 346.309174 24.000000 201.864365 3394.415771 0 1
81.868958 359.499329 16.000000 73.954437 3347.487793 0 1
334.293488 147.938812 28.000000 345.048767 3340.509521 0 1
100.581825 365.039795 21.000000 216.200134 3315.170898 0 1
100.513184 382.929779 13.000000 355.797729 3270.849609 0 -1
175.869904 326.498413 21.000000 191.377350 3233.238037 0 1
124.285805 362.244873 20.000000 353.841553 3206.487549 0 -1
290.778748 151.546799 20.000000 54.322624 3184.224121 0 1
307.748505 281.268097 16.000000 181.930618 3181.445801 0 -1
328.511292 150.893448 41.000000 344.666046 3178.362793 1 1
207.195236 330.406982 15.000000 356.784515 3164.111572 0 -1
309.495697 28.531113 26.000000 70.725105 3123.589355 0 -1
315.042145 44.166012 22.000000 21.764347 3091.100342 0 1
274.295013 364.613953 29.000000 358.871460 3082.046143 0 1
314.279724 41.870159 31.000000 40.703743 3062.963623 1 1
163.095215 342.349823 23.000000 343.303864 3026.657227 0 1
336.151917 351.329071 16.000000 352.544739 3016.993408 0 1
259.895721 349.645081 28.000000 0.450575 2993.753662 0 1
345.464508 152.640411 30.000000 344.542664 2956.587891 1 -1
93.666046 328.030975 14.000000 197.030151 2946.063721 0 1
307.026581 166.236801 20.000000 179.699112 2926.655518 0 -1
216.200500 328.509094 21.000000 169.405014 2920.162109 0 -1
239.722656 310.085388 15.000000 280.557617 2914.004150 0 -1
309.169586 28.796375 28.000000 65.278130 2905.667725 1 -1
101.464386 322.503601 24.000000 290.666809 2886.532715 0 1
314.559509 147.710251 16.000000 180.999069 2860.653809 0 1
54.203518 311.187134 15.000000 344.515900 2831.709961 0 -1
328.829193 322.560516 16.000000 358.784729 2794.798340 0 1
365.108734 315.794556 25.000000 271.066010 2787.590088 0 1
357.316223 188.923050 41.000000 357.946625 2766.632324 1 -1
191.079514 363.073975 14.000000 276.254028 2764.184082 0 1
293.229431 346.716461 16.000000 187.026230 2751.823486 0 1
234.953293 22.185255 27.000000 261.964661 2677.168213 0 -1
113.412239 328.259644 14.000000 304.454010 2654.802979 0 -1
95.850464 321.152283 35.000000 270.372681 2651.929688 1 1
235.260025 22.300703 29.000000 261.697479 2640.583740 1 -1
96.627617 321.415436 28.000000 268.133545 2639.514648 0 1
108.571899 357.673157 49.000000 245.117554 2636.284912 1 1
334.449402 125.850945 14.000000 327.109772 2611.060547 0 -1
166.346268 316.313019 13.000000 356.957001 2592.176270 0 1
61.503448 338.365265 32.000000 294.293518 2586.184326 1 1
327.346802 378.080872 20.000000 20.061579 2575.731934 0 1
111.613716 357.692993 45.000000 243.241638 2566.784668 1 1
214.190063 360.822784 21.000000 254.201996 2549.517578 0 1
60.096436 337.976105 29.000000 294.770691 2530.269531 0 1
271.995422 370.897980 30.000000 359.245148 2523.889160 1 1
256.247131 369.472961 19.000000 358.819489 2510.696533 0 1
270.261932 322.039734 57.000000 281.163605 2492.211914 1 1
141.715485 38.611809 31.000000 248.702484 2440.333008 1 -1
135.616333 336.366241 15.000000 189.748505 2439.278809 0 -1
291.673859 160.084747 17.000000 47.654743 2408.001465 0 -1
163.813187 345.458069 15.000000 3.304991 2393.552490 0 1
254.516022 346.985535 45.000000 303.561096 2382.731689 1 1
99.134514 366.663574 15.000000 83.722992 2374.753418 0 1
92.409897 378.105255 20.000000 183.961914 2369.801270 0 1
285.801483 373.570160 26.000000 179.445435 2361.675781 0 -1
260.355652 345.208496 31.000000 332.496155 2354.950684 1 1
233.553513 351.766388 18.000000 283.355865 2347.207275 0 -1
346.619507 319.923309 30.000000 340.718323 2345.458008 1 1
296.001495 334.075256 15.000000 187.755051 2341.846680 0 1
299.538025 163.521622 42.000000 179.246292 2337.300537 1 -1
331.057800 26.712105 27.000000 88.541130 2334.589844 0 -1
306.488800 276.156311 27.000000 181.913986 2323.851562 0 -1
297.816193 145.171494 16.000000 1.129535 2312.968994 0 -1
351.358734 203.214340 16.000000 0.088450 2301.004639 0 -1
346.371887 320.740387 29.000000 340.880188 2298.990723 0 1
161.022873 342.259430 28.000000 343.968140 2291.060059 1 1
256.309540 329.693726 108.000000 264.590881 2283.220459 2 1
319.869537 34.751629 20.000000 31.911175 2275.081543 0 1
152.716217 340.089874 44.000000 243.913361 2268.825439 1 1
306.387573 279.180695 26.000000 182.100571 2258.470947 0 -1
235.944107 351.664795 17.000000 277.187988 2257.966064 0 -1
273.542328 368.868744 28.000000 357.222748 2241.605957 0 1
157.019501 339.776733 52.000000 252.114960 2224.398926 1 1
308.605988 273.839935 15.000000 180.628769 2215.031982 0 -1
331.607544 26.501812 28.000000 90.305885 2202.416992 1 -1
175.176651 337.175995 52.000000 275.818390 2198.573242 1 -1
63.113285 378.937317 14.000000 347.831818 2183.748291 0 1
84.229240 317.430481 16.000000 273.628601 2174.487305 0 1
295.528778 348.963348 27.000000 186.590790 2115.824951 0 1
54.668167 370.801056 30.000000 178.660950 2110.257080 1 1
116.308815 284.647125 172.000000 275.305664 2097.716309 3 -1
328.512268 360.218964 42.000000 9.362732 2067.171875 1 1
176.000366 338.131409 15.000000 355.858368 2017.585083 0 1
44.231636 376.940674 15.000000 180.587997 2013.279175 0 -1
117.355927 346.345245 14.000000 351.246674 2006.121216 0 1
308.113617 260.641327 16.000000 180.583603 1991.759644 0 -1
312.384430 43.574207 22.000000 99.490349 1970.175781 0 1
61.896095 318.325317 15.000000 244.607727 1954.944946 0 1
284.403870 382.038452 20.000000 180.731735 1946.472412 0 -1
381.255035 315.602264 21.000000 268.839783 1917.580200 0 1
331.120026 93.671928 27.000000 353.502167 1911.232422 0 -1
328.633698 162.932922 20.000000 357.656403 1910.736328 0 1
330.692322 181.030685 16.000000 3.175530 1906.942993 0 1
305.998718 277.033997 32.000000 182.390961 1891.786865 1 -1
341.781860 184.096893 13.000000 359.912384 1887.035767 0 1
17.437662 317.973175 14.000000 349.799561 1883.151611 0 1
251.025177 347.277344 45.000000 317.035767 1866.887451 1 1
333.277466 350.844360 22.000000 359.215271 1860.327637 0 1
91.592094 317.552765 15.000000 269.102509 1857.178711 0 1
311.913239 82.635307 20.000000 181.897583 1847.039307 0 -1
306.429993 85.317924 32.000000 182.626450 1827.234131 1 -1
92.192650 379.465912 16.000000 353.864197 1817.915894 0 1
254.249695 372.179718 25.000000 357.462067 1798.776123 1 1
323.060455 102.662239 28.000000 356.304413 1784.827637 0 1
359.790222 381.795410 16.000000 94.984940 1778.045898 0 1
73.760185 310.868469 15.000000 284.503052 1765.426514 0 -1
307.860413 243.964951 20.000000 181.116104 1759.424683 0 -1
115.413437 347.419678 21.000000 349.781921 1758.894897 0 1
308.414337 84.927505 28.000000 182.045593 1751.717773 0 -1
384.315979 333.332825 16.000000 346.661102 1721.325317 0 1
370.017761 336.420532 48.000000 260.325684 1710.347534 1 1
86.816261 287.169769 108.000000 278.976166 1702.940186 2 -1
91.841545 285.558350 119.000000 278.740021 1686.635010 3 -1
41.895103 344.706543 43.000000 162.688614 1681.061035 1 1
158.184860 334.368713 58.000000 267.928162 1671.690308 1 1
332.567749 93.745186 31.000000 353.085114 1641.192627 1 -1
222.659866 329.737610 15.000000 173.156235 1640.780518 0 1
131.512512 363.411041 13.000000 185.697586 1634.379272 0 1
247.860779 364.820953 44.000000 11.613850 1615.813232 1 1
16.215725 382.414978 14.000000 10.315807 1609.217163 0 1
292.033569 304.263672 15.000000 252.967438 1598.200684 0 1
115.073814 336.092743 15.000000 280.658752 1595.734375 0 1
313.283478 86.119316 21.000000 186.778030 1584.205078 0 -1
210.474396 299.564667 90.000000 271.715515 1553.296143 2 -1
341.091003 337.797913 21.000000 355.253662 1548.747070 0 1
301.475281 91.877991 25.000000 189.656464 1546.777710 0 -1
341.610992 333.986847 28.000000 351.519287 1540.322144 0 1
353.167633 342.458038 16.000000 187.369095 1539.613892 0 -1
277.603851 344.992828 18.000000 272.980713 1534.198730 0 -1
39.856483 380.821106 20.000000 179.423096 1526.287964 0 1
88.915627 370.529297 17.000000 198.187607 1518.537964 0 1
337.961945 95.023811 42.000000 348.618164 1511.071289 1 -1
116.018852 356.259399 33.000000 245.266388 1504.974609 1 1
115.038033 354.075775 27.000000 349.328003 1501.648560 0 1
295.612518 304.337097 15.000000 260.662415 1499.357666 0 1
197.608261 55.216805 22.000000 238.838348 1496.943359 0 -1
301.014679 91.687767 25.000000 188.190277 1496.575073 1 -1
304.195038 89.536789 36.000000 187.541397 1492.768066 1 -1
297.252075 337.871246 27.000000 191.848343 1491.859375 0 1
223.275558 331.636902 20.000000 174.941833 1488.641113 0 1
156.907333 339.132538 14.000000 351.571228 1470.648071 0 1
63.510132 349.630676 64.000000 296.130280 1468.140869 2 1
65.035110 362.035400 27.000000 48.973701 1458.532959 0 1
12.755754 387.964386 13.000000 13.240714 1454.119751 0 1
113.696411 348.588806 55.000000 282.221985 1441.175415 1 1
328.028534 190.187927 15.000000 359.443115 1425.916382 0 1
166.032837 331.571045 26.000000 338.561981 1410.954834 0 -1
42.659908 387.740570 17.000000 188.726273 1402.107178 0 -1
163.436890 378.375458 13.000000 185.394287 1396.518066 0 1
193.884338 37.119709 25.000000 229.315826 1395.918213 0 -1
329.351318 96.472351 21.000000 355.656494 1386.672607 0 -1
282.803040 149.144501 45.000000 26.353119 1385.602173 1 1
91.008606 374.585602 21.000000 193.927414 1366.891968 0 1
301.994019 47.146233 20.000000 91.557663 1364.294312 0 -1
178.519684 78.717545 23.000000 37.751617 1359.605835 0 -1
344.094299 338.800323 14.000000 349.822998 1356.435059 0 1
298.969757 304.734253 15.000000 89.645020 1354.632080 0 1
307.536285 246.930450 15.000000 181.110397 1346.618652 0 -1
254.691116 315.138824 15.000000 268.970795 1341.061035 0 1
325.716705 137.308578 15.000000 336.862122 1340.216064 0 -1
342.259003 334.598236 30.000000 355.258759 1335.667114 1 1
161.189499 339.419037 31.000000 343.150635 1333.162964 1 1
211.056107 38.063873 24.000000 236.200806 1331.509277 0 1
112.471771 350.125244 30.000000 241.112518 1330.759033 1 1
229.825867 33.574291 27.000000 264.857971 1329.889648 0 1
303.348419 46.399734 17.000000 96.967155 1325.666626 0 -1
74.085785 296.076019 85.000000 283.408752 1324.220459 2 -1
293.191040 361.263519 14.000000 182.648422 1318.988525 0 1
204.117615 352.156158 14.000000 285.940826 1317.667114 0 1
233.927368 325.232056 15.000000 87.702148 1317.025513 0 -1
197.165131 96.121834 22.000000 70.415237 1307.601562 0 -1
88.517654 322.423187 42.000000 276.715393 1299.706299 1 1
66.511620 324.093811 23.000000 282.740967 1293.571655 0 -1
237.604858 51.812767 42.000000 86.007866 1260.990112 1 -1
158.533600 337.251587 52.000000 270.179749 1257.984375 2 1
89.070503 328.685364 27.000000 259.673126 1256.828247 0 1
325.318542 224.546417 76.000000 182.501465 1255.249146 2 1
343.797394 98.956863 19.000000 249.861877 1254.500732 0 -1
229.660721 33.650089 29.000000 263.805695 1247.374390 1 1
297.351532 314.560150 14.000000 267.338287 1247.361206 0 -1
339.452148 125.607185 26.000000 333.196045 1246.924316 0 -1
210.435699 38.219585 28.000000 227.627319 1241.254028 1 1
331.330811 352.117767 29.000000 3.074617 1240.259277 1 1
88.047722 318.294281 22.000000 266.400543 1238.696045 0 1
91.025002 36.683701 39.000000 199.529617 1234.936401 1 -1
307.826538 180.891220 16.000000 178.368576 1226.555420 0 -1
109.390175 378.359253 16.000000 242.963440 1219.235474 0 1
147.656296 70.936157 21.000000 57.090847 1204.742310 0 -1
347.778046 118.454521 14.000000 70.774925 1202.536255 0 -1
234.822708 359.132965 15.000000 283.323792 1192.744019 0 1
329.713959 166.870834 20.000000 359.453796 1187.175049 0 1
316.367157 175.241379 25.000000 177.442215 1180.548706 0 1
327.309113 178.490891 28.000000 1.127973 1175.565308 0 1
269.664001 23.480970 21.000000 259.171234 1175.404785 0 1
167.382919 308.939209 20.000000 287.524170 1170.356567 0 -1
22.891502 309.593048 16.000000 186.360367 1157.162598 0 -1
251.238876 345.355377 13.000000 299.834137 1153.895386 0 1
193.996750 36.807755 27.000000 231.180069 1152.117188 1 -1
284.678680 359.983551 29.000000 183.348907 1152.004272 1 -1
275.004639 375.226990 21.000000 1.405505 1147.755249 0 1
324.015167 364.134552 55.000000 14.018677 1146.731934 1 1
91.877602 382.568756 19.000000 169.445602 1144.337891 0 1
196.311752 366.489105 26.000000 89.181526 1140.767334 0 1
22.996498 357.055115 20.000000 355.389435 1140.723267 0 -1
250.384827 35.208145 41.000000 264.236450 1139.452393 1 1
277.931793 148.457031 58.000000 170.463593 1133.822876 2 1
182.940292 379.128296 15.000000 33.975571 1133.350464 0 1
349.663605 46.031174 25.000000 102.113518 1130.465088 0 -1
91.463516 331.053864 23.000000 301.197235 1130.354126 0 1
184.113235 308.950348 21.000000 277.439575 1130.075439 0 -1
336.246948 170.255661 16.000000 359.732483 1115.193604 0 -1
77.771149 308.109772 26.000000 276.723846 1113.513794 0 -1
275.767639 384.795868 22.000000 1.928365 1112.979858 0 1
64.128922 365.856934 15.000000 50.440300 1112.115356 0 1
174.303421 338.166260 60.000000 263.597473 1101.935547 2 -1
331.338379 138.087250 12.000000 356.840942 1094.084351 0 1
348.321991 347.977936 13.000000 185.297241 1089.497437 0 1
349.793365 46.420826 28.000000 102.822548 1086.498169 1 -1
54.260921 332.845947 12.000000 293.022522 1082.151978 0 1
31.914658 325.619263 15.000000 181.352448 1061.748291 0 1
291.786987 174.048279 16.000000 8.060205 1055.018311 0 -1
196.792587 370.202240 27.000000 90.897530 1050.300903 1 1
33.860355 330.654846 21.000000 182.470901 1047.285767 0 1
86.869514 350.533051 16.000000 314.843445 1040.811768 0 -1
294.203979 363.308594 27.000000 182.209351 1038.472168 0 1
365.265289 142.415482 21.000000 80.348526 1035.969482 0 1
171.874313 320.438049 14.000000 184.802246 1028.932739 0 -1
320.612793 309.903534 38.000000 185.628265 1020.758606 1 1
66.857552 366.404755 15.000000 50.684399 1011.279785 0 1
139.373154 118.631012 22.000000 162.756149 1009.979187 0 -1
145.047440 374.256561 13.000000 302.589905 1008.123047 0 1
357.215057 107.856407 17.000000 262.861755 994.434021 0 -1
307.634277 229.583710 18.000000 181.199539 990.724060 0 -1
166.514679 76.278236 21.000000 50.797485 985.609497 0 1
381.241577 322.290924 13.000000 248.590820 981.477600 0 1
243.064774 72.460762 20.000000 23.849485 978.439331 0 -1
128.537643 33.222767 17.000000 249.095810 977.590698 0 1
164.238434 118.796783 31.000000 120.257736 975.754089 1 -1
257.832397 17.699921 27.000000 259.734619 966.963684 0 -1
165.153107 331.666748 31.000000 341.559753 965.374268 1 -1
92.090591 355.768250 14.000000 280.511902 964.647400 0 1
144.600418 28.015846 16.000000 79.011444 962.639526 0 1
78.532990 308.286377 30.000000 275.423767 956.843933 1 -1
118.541855 326.346710 27.000000 251.840012 953.806763 0 -1
220.017761 61.719391 21.000000 72.754311 952.175049 0 1
32.001553 379.289764 22.000000 184.293655 951.412476 0 -1
269.647614 146.145065 80.000000 172.920929 951.265991 2 1
212.924011 48.469589 15.000000 83.608437 950.193481 0 -1
305.202118 229.584641 20.000000 181.096100 949.580444 0 -1
315.054932 306.197876 27.000000 181.238739 947.530884 0 1
376.941589 333.813324 33.000000 261.436646 944.168274 1 1
243.619980 47.992195 20.000000 87.842712 944.097290 0 -1
283.995392 26.261547 21.000000 246.910233 937.344666 0 1
233.569138 360.011383 20.000000 288.313782 936.257690 0 1
197.734100 313.127960 20.000000 281.706512 933.620361 0 -1
214.104843 72.679573 31.000000 72.052513 932.218018 1 -1
242.489182 101.290466 20.000000 77.336861 930.843689 0 -1
37.855385 374.805359 23.000000 181.392807 928.105408 0 1
155.851608 388.392090 15.000000 324.863861 919.429382 0 1
310.415497 66.987320 21.000000 194.881226 917.509521 0 -1
335.750122 256.318420 17.000000 0.198533 916.232117 0 -1
91.910675 345.529633 15.000000 281.353516 914.892212 0 1
335.087311 89.348251 17.000000 355.539673 914.770386 0 -1
318.877258 143.850174 21.000000 183.604492 913.002808 0 1
57.546093 364.340332 44.000000 170.307663 909.778503 1 1
179.550293 30.664701 22.000000 66.641174 909.620667 0 1
164.108841 118.969498 29.000000 125.908310 907.367126 0 -1
333.206146 356.537079 27.000000 3.500907 901.631409 0 1
297.181274 310.625397 15.000000 267.560608 900.928467 0 -1
154.657761 44.471436 22.000000 232.634750 897.021423 0 1
302.673767 304.533112 14.000000 179.483917 888.607666 0 1
355.759888 114.644890 20.000000 264.622070 887.334778 0 1
269.531433 21.526623 16.000000 260.028076 886.079407 0 1
314.984436 178.313705 17.000000 177.752762 879.241150 0 1
151.681702 119.501984 22.000000 9.789669 870.940491 0 1
306.652496 256.129913 26.000000 181.419540 868.501526 0 -1
119.251144 322.400665 56.000000 280.192688 867.143860 1 1
118.514595 22.950550 29.000000 242.776398 865.631958 1 -1
342.679047 249.015213 30.000000 358.754028 865.217468 0 1
233.490082 341.551880 16.000000 272.167480 860.702759 0 -1
314.935120 303.659485 27.000000 181.408890 860.414368 0 1
95.309204 345.070404 13.000000 273.052856 859.484985 0 1
298.843506 54.654873 43.000000 84.720146 858.736206 1 -1
132.201416 51.206776 22.000000 311.830231 853.782654 0 1
315.102875 190.542969 16.000000 179.653488 852.055603 0 1
199.824814 70.148445 21.000000 236.831238 847.323242 0 1
289.308258 42.475639 17.000000 81.609146 840.955811 0 1
324.652679 319.663055 28.000000 187.319427 840.726868 1 1
35.734119 331.825592 27.000000 182.014389 829.846619 0 1
342.792053 248.601578 32.000000 358.199768 829.274475 1 1
319.457977 221.458939 46.000000 182.455170 828.754761 1 1
344.709839 247.370895 21.000000 358.582153 823.894897 0 1
315.014679 343.206940 29.000000 215.195724 823.794678 1 1
21.115311 307.528107 21.000000 193.185135 820.792847 0 -1
220.604370 60.250946 26.000000 72.894295 819.041992 1 1
295.032440 343.452667 15.000000 188.625900 818.260254 0 1
118.055099 22.881863 28.000000 49.423237 816.870361 0 -1
211.235687 376.552490 13.000000 165.209671 812.918945 0 1
213.692719 90.622505 22.000000 257.556885 809.050415 0 -1
314.760803 342.751862 29.000000 217.753265 801.980652 0 1
201.169464 84.662483 24.000000 63.817017 788.869385 0 1
368.113098 96.240234 16.000000 105.057358 785.393250 0 -1
131.184418 13.056928 15.000000 53.801937 782.517090 0 -1
28.220716 381.283508 27.000000 16.714771 780.957275 0 -1
345.975677 255.261719 16.000000 0.582748 771.305908 0 1
342.122772 124.164558 28.000000 332.857269 771.159119 1 -1
157.331360 51.243584 15.000000 39.226753 771.140442 0 1
334.214111 210.496872 56.000000 356.328949 764.650879 1 1
290.059509 296.725220 16.000000 257.482910 763.728760 0 -1
315.799133 225.673004 21.000000 181.624298 763.064514 0 1
67.773125 363.772156 27.000000 58.554359 761.256836 0 1
217.188614 34.820858 57.000000 260.128448 760.935242 1 1
234.899063 338.278076 26.000000 202.714722 756.397522 0 -1
134.198135 309.972382 15.000000 278.383484 749.155457 0 -1
200.154449 85.050011 28.000000 69.895729 748.351746 1 1
49.919922 73.022461 32.000000 23.956900 747.763428 1 -1
68.262367 363.083740 30.000000 35.142563 746.769958 1 1
343.425995 174.204605 16.000000 2.424062 744.604858 0 1
350.201263 350.434113 20.000000 180.438156 743.335327 0 1
214.053024 71.545288 28.000000 66.051003 741.607117 0 -1
253.894333 317.497620 17.000000 270.193298 740.697327 0 1
344.690247 245.257095 21.000000 358.254242 734.503784 0 1
49.300858 72.301414 27.000000 41.842171 727.369629 0 -1
314.103729 282.920746 16.000000 181.947418 723.411987 0 1
133.003204 307.152405 26.000000 268.533325 722.845215 0 -1
333.649658 211.065338 54.000000 356.589172 721.729370 2 1
177.860764 38.587673 16.000000 71.938881 721.250061 0 -1
116.192871 84.706383 24.000000 83.064392 718.197571 0 -1
294.173706 58.902096 55.000000 80.480072 717.053528 1 -1
275.527466 231.376541 47.000000 354.044739 715.439148 1 1
90.676674 335.619385 19.000000 328.211487 715.212769 0 1
218.167007 40.390068 57.000000 262.736206 714.588989 1 1
219.372803 83.513031 20.000000 87.271179 714.289490 0 1
252.373901 126.630348 22.000000 163.472534 714.275940 0 -1
258.346558 33.783493 16.000000 72.994774 713.332581 0 -1
320.178894 21.068882 19.000000 81.214516 710.160461 0 1
248.335236 27.585794 16.000000 254.595734 708.774475 0 1
279.702393 17.793732 13.000000 252.220947 702.272888 0 -1
346.303680 212.092728 26.000000 359.331573 701.530518 0 1
329.690918 221.925064 57.000000 182.638535 701.508789 1 1
385.298004 340.535309 15.000000 358.008575 698.618591 0 1
103.674294 24.948977 25.000000 194.165405 696.817444 0 1
276.280151 194.715286 32.000000 16.350033 690.104492 1 1
116.316811 84.956291 27.000000 84.926689 690.045410 1 -1
344.316925 366.257935 19.000000 181.523895 689.985291 0 -1
299.773895 38.244415 20.000000 86.220863 686.499634 0 1
103.566116 24.829235 28.000000 196.174271 686.435120 1 1
111.564194 37.269962 33.000000 197.446533 684.755310 1 1
302.610229 286.899292 14.000000 181.061478 681.107056 0 1
278.736725 193.926849 23.000000 13.517909 680.642395 0 1
230.140762 87.162659 20.000000 261.851685 678.906067 0 -1
292.108368 289.888641 15.000000 250.526230 676.615295 0 1
345.165131 16.883495 27.000000 247.663513 668.137695 0 1
315.065674 222.120682 23.000000 181.858368 666.306885 0 1
276.935730 194.409393 29.000000 13.743126 663.928040 0 1
118.145485 323.865295 66.000000 276.312988 656.402588 2 1
226.749939 284.732880 104.000000 268.671906 654.173218 2 -1
343.884430 224.237366 16.000000 358.738983 652.839600 0 1
111.146553 343.084137 25.000000 240.446838 650.915527 0 1
331.814056 333.123718 15.000000 350.041748 650.039185 0 1
168.122940 19.555878 29.000000 225.392502 649.782043 0 -1
101.019165 109.672806 18.000000 333.757568 647.369019 0 1
275.854401 386.833588 13.000000 357.163330 646.407166 0 1
274.421234 31.520884 15.000000 82.815788 645.081177 0 -1
344.498169 93.284256 53.000000 348.196381 643.704773 1 -1
93.799423 350.455536 15.000000 281.841309 641.321533 0 -1
258.327362 113.551468 15.000000 215.464813 639.226868 0 -1
29.428732 299.260742 17.000000 202.547821 638.504395 0 -1
373.664856 119.575996 13.000000 250.692322 637.304565 0 1
309.014648 60.831837 15.000000 181.675934 634.860352 0 1
315.268982 305.884521 28.000000 181.610123 632.942688 1 1
108.599922 354.867798 17.000000 249.144775 631.323730 0 1
354.718231 350.950836 31.000000 189.762833 630.301270 1 1
369.460236 313.044556 13.000000 269.488708 628.476501 0 1
176.792984 378.069794 15.000000 41.212620 625.795654 0 1
60.845299 78.062233 19.000000 243.208984 622.026367 0 1
218.446365 81.915100 55.000000 75.092979 621.780579 1 -1
233.469360 69.531044 27.000000 22.218008 620.858215 1 1
175.450104 378.236481 14.000000 47.431683 620.100342 0 1
341.216858 227.471924 22.000000 357.800110 619.365906 0 1
314.755951 288.681641 28.000000 182.403137 618.721924 0 1
347.802490 351.003784 15.000000 181.302094 617.526733 0 1
231.662201 98.280724 20.000000 263.378357 616.376038 0 1
121.361519 111.490227 20.000000 100.592072 613.617493 0 1
356.084290 118.229683 31.000000 32.304951 608.885010 1 1
163.279419 325.145813 111.000000 272.232361 608.681152 2 1
240.766739 304.673859 28.000000 273.868958 608.321655 0 -1
83.803322 350.536682 13.000000 335.486816 606.812561 0 -1
293.772064 295.262817 15.000000 254.122360 605.565918 0 -1
120.413147 120.261803 17.000000 94.341759 603.889282 0 -1
157.827728 96.734703 30.000000 86.044792 601.036926 1 1
89.147385 336.327850 14.000000 173.020081 596.890137 0 1
331.282196 104.469666 12.000000 353.777496 596.135193 0 1
338.872681 104.167938 53.000000 345.126190 594.712463 1 -1
199.813751 67.249504 29.000000 57.670059 594.572754 1 1
286.908600 296.535980 17.000000 285.357513 594.003845 0 -1
291.686493 196.710892 31.000000 15.056377 592.963257 0 -1
311.067078 36.007252 12.000000 282.449707 592.668884 0 -1
341.907867 178.302170 20.000000 1.213495 592.445801 0 1
186.202118 56.971298 15.000000 47.568192 591.286316 0 1
200.863892 47.214035 14.000000 83.826073 587.158447 0 1
98.832207 344.859131 16.000000 285.682007 585.509766 0 1
249.384888 343.446289 13.000000 320.157654 584.828979 0 1
312.952545 248.987259 15.000000 181.082321 583.297913 0 1
88.690071 345.620239 15.000000 279.728912 581.988037 0 1
318.015778 300.277313 39.000000 183.868988 580.993713 1 1
285.546570 11.487706 15.000000 251.395874 580.881775 0 -1
300.841370 160.862015 16.000000 182.647552 580.096741 0 1
330.349518 266.803192 17.000000 358.964508 577.355896 0 1
300.797699 15.624771 22.000000 269.154694 576.285217 0 1
237.945740 336.835632 29.000000 264.092957 576.188904 0 -1
315.951141 194.446671 21.000000 179.925781 575.204712 0 1
366.872864 326.812286 20.000000 211.341583 574.059937 0 1
160.520050 18.601204 21.000000 55.483986 573.868896 0 -1
36.747028 70.937531 22.000000 227.663651 573.766602 0 1
90.194351 350.049011 15.000000 284.696198 572.939087 0 -1
154.223145 308.825592 26.000000 274.976074 564.283569 0 -1
337.122925 239.389191 21.000000 358.157867 562.645386 0 -1
265.372864 314.528656 15.000000 267.990448 561.312378 0 1
381.996704 25.561855 22.000000 97.890099 558.380981 0 -1
117.923782 367.031830 13.000000 350.763763 556.274841 0 1
355.712280 117.731094 27.000000 39.298012 556.208069 0 1
65.734985 281.762390 53.000000 285.500671 553.162292 2 -1
193.174835 304.845062 40.000000 273.121094 550.853943 1 -1
96.847260 350.095673 14.000000 282.282257 549.093628 0 -1
157.620270 96.526367 27.000000 81.025917 548.754028 0 1
341.054657 222.806259 27.000000 358.648895 548.645142 0 1
288.131592 296.705811 25.000000 273.841064 548.447937 0 -1
335.157715 200.007538 53.000000 357.597076 548.342834 1 1
328.103485 147.107437 14.000000 318.456726 547.096252 0 1
306.708832 213.925766 27.000000 182.459915 546.557739 0 -1
344.423157 267.988861 20.000000 1.481410 546.049072 0 1
330.317322 236.755417 14.000000 358.234802 543.835571 0 1
234.877319 336.365387 26.000000 194.678177 542.325012 1 -1
238.048462 339.259674 27.000000 221.618027 540.805664 0 -1
293.825378 297.532867 14.000000 255.032776 537.710327 0 -1
135.276184 58.494099 47.000000 83.438530 536.085266 1 1
302.570282 63.455166 15.000000 260.726807 535.588135 0 -1
68.502899 94.772293 21.000000 283.124237 535.366028 0 -1
303.517120 251.866425 42.000000 182.313950 535.280457 1 -1
340.948181 280.143707 16.000000 0.550201 534.706116 0 1
208.731979 78.221611 20.000000 52.201759 533.308594 0 -1
40.419823 118.928505 24.000000 96.429413 533.279419 0 -1
295.512848 289.523071 16.000000 253.040924 528.947998 0 1
163.049576 300.138123 55.000000 270.303101 528.864929 1 -1
258.284424 27.700516 12.000000 78.226082 526.206848 0 1
315.865723 296.875153 15.000000 181.738571 523.674805 0 1
246.537003 300.289215 39.000000 271.144928 522.751160 1 -1
127.833717 373.636200 20.000000 226.482544 520.254456 0 1
125.863007 374.889496 22.000000 255.386444 520.179138 0 1
283.065552 162.095856 15.000000 16.003675 518.819031 0 1
245.831161 344.046722 27.000000 288.753998 517.548584 0 1
330.680298 280.398834 14.000000 359.696381 517.135864 0 1
330.382324 239.831055 15.000000 358.446686 516.125122 0 1
329.337341 246.993271 16.000000 359.637115 515.229736 0 1
330.833923 253.942200 15.000000 0.668287 513.059021 0 1
167.017319 55.273659 14.000000 233.830032 508.439209 0 -1
241.325897 304.028442 27.000000 274.158325 504.827667 1 -1
291.574890 59.393303 56.000000 86.770882 504.419159 2 -1
186.451385 307.312988 26.000000 274.439880 499.449005 0 -1
340.436066 178.842407 23.000000 0.541591 498.644653 0 1
176.536804 64.134781 14.000000 60.597801 497.111847 0 1
299.000702 260.134949 15.000000 187.801117 495.216827 0 1
346.298767 210.550461 17.000000 0.160057 492.534088 0 1
41.881252 101.821442 45.000000 96.795418 490.629089 1 1
328.887329 200.255478 14.000000 357.217865 490.345886 0 1
244.962006 305.871643 27.000000 275.594513 488.210754 0 -1
111.248550 109.197090 22.000000 328.469666 487.638641 0 -1
161.081802 298.278351 58.000000 271.095490 485.764740 2 -1
366.290649 323.322601 12.000000 305.458527 483.241852 0 1
306.218994 65.629593 29.000000 232.911041 483.005249 0 -1
221.405273 53.933491 15.000000 33.689411 481.080048 0 1
354.239899 122.394638 14.000000 81.025002 481.052765 0 1
194.506744 76.926315 13.000000 107.631157 480.036835 0 -1
117.927582 331.777283 52.000000 275.856354 479.727173 1 1
177.023849 356.178284 14.000000 292.980255 474.177612 0 1
211.748215 370.279785 14.000000 181.629150 472.184204 0 1
312.969849 251.909332 16.000000 180.892715 468.861176 0 1
341.616516 287.280487 15.000000 359.843903 467.355225 0 1
327.932800 241.974228 27.000000 182.219543 467.102844 0 1
161.436096 186.134033 110.000000 91.000298 466.987061 2 1
40.033939 119.237747 27.000000 96.999451 466.665649 1 -1
325.664215 148.745087 15.000000 191.085785 465.324554 0 1
329.018494 290.024750 15.000000 359.774536 462.759735 0 1
314.809998 264.893646 28.000000 181.444061 461.287811 0 1
247.145569 368.062073 21.000000 357.179749 459.935364 0 1
100.878281 356.158325 22.000000 233.117844 457.231628 0 -1
342.075745 300.271729 15.000000 356.099884 456.466553 0 1
258.944702 138.876831 102.000000 163.359192 452.919220 2 1
373.435303 326.758148 17.000000 283.807922 450.935822 0 1
84.627892 73.176849 32.000000 94.776299 449.107178 1 -1
340.805786 290.072937 15.000000 359.552429 448.897736 0 1
212.062332 373.766083 22.000000 170.701874 448.001740 0 1
289.818878 238.205826 16.000000 4.307886 447.328094 0 -1
326.103271 246.971451 41.000000 181.716202 446.270264 1 1
341.992645 106.717712 21.000000 253.394714 445.294006 0 1
328.872498 333.827087 16.000000 348.955353 443.726105 0 1
320.792725 196.845032 26.000000 180.175858 443.133728 0 1
30.309263 322.510925 15.000000 182.087479 441.797729 0 1
57.426617 283.062134 38.000000 290.680115 440.611755 1 -1
341.143127 310.364075 16.000000 352.065430 440.078888 0 1
71.549522 363.895020 22.000000 48.505520 439.690002 0 1
152.598694 13.951370 14.000000 39.213684 439.462616 0 1
284.834320 296.601166 27.000000 274.790405 438.078247 0 -1
153.933929 308.032349 29.000000 274.147827 436.704346 1 -1
353.153503 350.406555 27.000000 189.449738 436.068207 0 1
160.649277 187.394165 118.000000 88.687012 435.104004 3 1
343.983124 214.128052 15.000000 0.056647 434.569519 0 1
276.999207 18.349943 21.000000 258.948364 434.440582 0 -1
258.819641 383.922241 15.000000 359.735138 433.422882 0 1
173.010193 318.054016 21.000000 206.953568 431.401367 0 -1
333.386536 104.914696 53.000000 343.861206 430.731079 1 -1
373.530914 328.708557 21.000000 278.134521 430.056152 0 1
85.621529 80.476265 52.000000 92.268181 427.505859 1 -1
235.506927 328.525452 19.000000 88.616417 427.050720 0 -1
211.931107 100.883240 26.000000 257.804993 426.712219 0 1
345.998108 254.098312 26.000000 0.113932 426.612183 0 1
187.141296 91.267113 13.000000 68.223907 426.402893 0 1
319.037567 294.282928 52.000000 185.311157 425.984406 1 1
345.101624 270.327667 16.000000 1.860997 425.788757 0 1
150.429535 309.729187 14.000000 282.831177 425.562561 0 -1
211.501114 310.266235 26.000000 269.421326 424.675232 0 1
283.797943 175.427948 17.000000 10.434087 424.553223 0 1
304.875977 108.580162 14.000000 20.077648 423.199524 0 1
238.160172 336.773254 28.000000 200.874969 419.104614 1 -1
48.634579 355.110840 27.000000 155.163712 418.489044 0 1
336.160217 292.261902 17.000000 359.514465 416.783722 0 -1
228.210037 296.137390 57.000000 268.082642 416.666443 2 -1
159.472702 35.220005 21.000000 237.421326 415.729523 0 -1
35.484055 70.021347 26.000000 228.258011 415.374878 1 1
77.525841 350.652374 14.000000 339.485443 415.136627 0 1
354.545959 155.480194 54.000000 347.240356 414.962646 1 -1
268.857788 34.994450 28.000000 93.826248 413.641998 1 -1
245.561661 303.839935 28.000000 274.021942 412.889038 1 -1
325.973450 145.907410 20.000000 339.485657 412.759338 0 1
52.496338 358.445953 22.000000 156.343384 411.615601 0 -1
240.482849 352.501312 52.000000 248.035736 410.818756 1 1
322.147034 336.959534 16.000000 297.662445 409.686218 0 -1
291.837036 192.338028 28.000000 16.722033 409.628235 0 -1
80.223671 59.888580 34.000000 95.020149 408.478333 1 1
211.853012 100.848175 28.000000 259.021637 407.713837 1 1
328.821747 243.689362 16.000000 358.822174 405.235474 0 1
366.159271 379.357666 16.000000 64.825516 405.229431 0 1
335.577667 196.582092 27.000000 357.959198 403.908264 0 -1
343.353088 112.976578 15.000000 52.781635 402.383942 0 1
363.537689 158.704498 43.000000 342.696289 399.450317 1 -1
216.998978 140.557648 22.000000 97.966461 398.010559 0 -1
343.941467 309.861572 13.000000 349.283783 397.401917 0 1
322.784210 244.321716 33.000000 181.542404 394.985626 1 1
354.747528 192.754990 17.000000 355.330170 394.431458 0 -1
303.775360 247.956894 55.000000 182.819244 392.000427 1 -1
314.367401 289.243225 33.000000 182.914215 391.807343 1 1
196.697479 308.418579 26.000000 274.463196 391.534424 1 -1
110.800812 120.040039 21.000000 90.865623 390.456543 0 1
287.065125 238.303802 14.000000 4.993329 389.483551 0 -1
298.592316 242.700470 39.000000 182.436066 388.764221 1 -1
45.268967 286.762848 11.000000 301.838684 387.561707 0 -1
84.447441 85.899879 58.000000 94.882812 387.494659 2 -1
347.877777 368.780975 14.000000 183.751022 385.240234 0 1
70.774330 360.886292 14.000000 49.510784 385.134857 0 1
275.920135 379.941772 21.000000 1.661170 383.744446 0 1
301.904572 109.186256 21.000000 17.746084 383.247314 0 1
322.991943 242.229401 28.000000 181.600800 382.699768 0 1
241.539963 87.143158 14.000000 251.281433 382.354553 0 -1
51.321198 283.481873 27.000000 291.731354 381.583740 0 -1
293.954376 284.720306 15.000000 240.578186 380.302307 0 -1
84.772011 72.925774 30.000000 93.745186 379.996887 0 -1
189.808411 128.756531 19.000000 106.726463 379.973145 0 -1
185.823929 65.862915 13.000000 52.822800 378.835693 0 -1
298.969482 54.788879 20.000000 87.254921 375.692810 0 1
336.260071 144.023682 50.000000 341.842377 375.050568 1 1
346.621948 211.644440 27.000000 359.153687 373.697632 1 1
340.585419 110.385254 29.000000 349.675720 373.458801 1 1
101.860191 57.028603 44.000000 94.114937 369.106232 1 1
365.973999 134.052994 15.000000 279.550842 367.784973 0 -1
286.855560 281.881256 15.000000 197.132050 366.838654 0 -1
369.294617 329.011414 29.000000 263.299896 364.844635 0 1
248.935913 14.865069 16.000000 81.238594 363.651398 0 -1
319.964081 197.300369 26.000000 180.495392 362.989227 1 1
358.553528 347.565857 14.000000 186.307404 361.560181 0 1
124.344498 378.501526 29.000000 121.569786 360.724365 0 1
236.917831 57.987244 18.000000 260.125000 357.224487 0 -1
289.698914 240.800308 16.000000 6.528222 356.239960 0 -1
328.444855 253.982452 14.000000 0.910334 356.119080 0 1
106.400017 310.863312 28.000000 276.325653 355.044220 1 -1
149.319611 61.409176 22.000000 55.424728 354.761292 0 1
291.804871 296.588013 26.000000 253.956940 354.579681 0 -1
368.189331 165.912430 31.000000 343.409027 353.193329 1 -1
372.399628 331.153687 16.000000 217.372467 352.464020 0 1
104.251717 347.046234 28.000000 243.481033 352.430603 0 1
297.012024 228.004562 15.000000 269.523865 351.862885 0 -1
299.026428 261.586243 16.000000 188.670959 351.265228 0 1
61.434761 363.081635 20.000000 39.887794 351.208221 0 1
287.353363 240.966171 14.000000 2.961320 350.869965 0 -1
291.816956 295.211151 27.000000 190.840210 350.240387 0 -1
245.386459 371.823273 13.000000 123.401367 350.195740 0 1
187.882523 307.461731 28.000000 274.466736 349.779114 1 -1
316.544037 197.109238 26.000000 180.107773 348.624786 0 1
41.688770 40.282909 20.000000 256.057281 348.615326 0 1
178.190308 373.433624 21.000000 35.556053 348.220276 0 1
294.765289 381.136444 21.000000 180.868118 347.775360 0 1
346.895569 92.520264 55.000000 344.750977 346.908325 2 -1
331.075104 229.174881 16.000000 0.310940 346.660858 0 1
231.190140 117.990685 16.000000 85.099632 346.454315 0 -1
240.427902 338.760193 23.000000 205.635666 346.016663 0 -1
357.145996 132.973541 15.000000 273.407227 345.173584 0 1
345.284637 220.996582 14.000000 359.968231 345.034241 0 1
233.456940 75.756119 28.000000 86.849915 344.407043 0 1
314.588501 264.624390 30.000000 181.486877 343.963531 1 1
218.913330 42.264664 18.000000 85.390289 343.460938 0 1
379.775238 124.849297 16.000000 76.067574 340.429840 0 -1
335.349060 56.847858 27.000000 253.935852 339.342773 0 1
73.196991 124.702751 27.000000 96.531464 337.591797 0 -1
341.002014 219.386154 28.000000 358.759033 336.723755 0 1
299.725586 109.683029 27.000000 182.051361 335.877502 0 1
286.849365 262.252930 16.000000 3.164483 334.828949 0 -1
314.655396 255.888016 15.000000 180.906189 333.510406 0 1
254.619110 301.058105 53.000000 274.686981 333.034302 2 -1
68.062759 34.842953 46.000000 336.093140 332.254486 1 1
181.639557 371.758362 27.000000 30.504292 332.182495 0 1
297.216034 294.590698 16.000000 256.873596 331.382294 0 -1
187.205170 302.013000 54.000000 273.454071 331.299683 1 -1
255.800949 303.325531 52.000000 274.738464 331.035736 1 -1
379.643768 307.084839 21.000000 267.513062 330.573639 0 -1
330.817810 74.267952 38.000000 347.428986 329.311432 1 -1
315.838226 269.529541 19.000000 181.196564 329.050415 0 1
355.977386 23.607698 20.000000 95.862411 328.369141 0 -1
88.822128 355.691437 14.000000 78.307098 327.804657 0 1
381.262207 122.576355 23.000000 123.085159 327.668243 0 -1
318.291992 141.684097 16.000000 179.709045 327.476715 0 1
129.252670 126.435226 21.000000 90.656982 323.963409 0 1
313.900909 15.058275 19.000000 278.636780 321.651123 0 1
298.167389 65.936943 27.000000 268.642456 319.953796 0 -1
298.131897 108.350052 29.000000 182.981506 319.025024 1 1
252.397919 139.084488 112.000000 110.182152 317.863342 3 1
81.272156 326.820923 29.000000 277.973389 317.060730 0 -1
258.065796 42.125160 19.000000 75.534470 313.786865 0 1
198.079193 111.538300 33.000000 103.648560 313.687592 1 1
365.752869 158.957306 16.000000 331.735657 313.194946 0 -1
367.636505 166.676254 28.000000 313.237946 311.973389 0 -1
183.997696 63.350006 13.000000 53.759777 311.312683 0 -1
303.073212 249.268753 27.000000 181.687378 311.254425 0 -1
73.336601 124.862717 29.000000 96.043045 310.980011 1 -1
69.701797 350.771362 16.000000 341.477203 310.625275 0 1
94.075775 101.091690 22.000000 275.371460 309.471161 0 -1
345.013397 217.274475 14.000000 0.545004 309.381683 0 1
219.335892 125.287766 34.000000 89.911301 308.415741 1 1
239.910767 142.044785 25.000000 87.841644 307.186707 1 -1
223.988647 150.942520 21.000000 101.264465 302.688843 0 1
232.290741 81.953606 90.000000 100.663376 301.933197 2 -1
340.903320 264.057922 15.000000 359.977478 301.400177 0 1
251.654556 305.543091 41.000000 272.511169 300.445190 1 -1
39.283276 385.205963 23.000000 184.854080 299.390320 0 1
335.823883 57.427818 27.000000 256.116699 299.022125 1 1
245.761276 359.724792 15.000000 214.459412 298.746704 0 1
150.928284 134.191696 113.000000 94.482895 297.988007 2 -1
143.851807 128.831879 16.000000 93.083038 297.918243 0 1
33.150261 109.462845 25.000000 96.461090 297.055786 0 1
157.097809 57.978916 14.000000 43.924805 295.575867 0 -1
339.127075 37.924339 26.000000 101.138840 292.893829 0 1
177.558945 371.184967 17.000000 27.038546 292.560852 0 1
374.898468 369.873535 27.000000 79.025589 292.401733 0 1
315.429810 309.660034 27.000000 182.182602 292.176819 0 1
302.149628 113.761986 26.000000 185.066193 291.365906 0 1
192.835159 368.726532 22.000000 86.765770 291.264038 0 -1
303.815918 175.028870 13.000000 177.310364 289.624664 0 1
176.388901 371.140869 15.000000 177.003372 289.097321 0 1
227.196030 355.385376 32.000000 231.141754 288.870361 1 1
328.302979 250.731705 15.000000 0.390267 286.965240 0 1
333.244141 54.433502 22.000000 252.605972 286.747742 0 1
292.083435 378.652588 14.000000 180.766754 286.414886 0 1
43.527477 92.801857 16.000000 323.030090 285.630005 0 1
340.004272 270.192413 15.000000 0.262692 283.524292 0 1
30.317307 332.206909 17.000000 181.475983 283.051056 0 1
247.541504 358.719452 20.000000 37.412209 281.657074 0 1
288.766266 289.570129 16.000000 235.449356 280.046082 0 1
378.632202 328.563538 14.000000 282.487732 279.897736 0 -1
206.039078 16.556086 15.000000 77.291107 279.781769 0 -1
54.908092 344.936127 16.000000 172.960098 278.616608 0 1
104.377899 293.029694 86.000000 277.513123 278.288269 2 -1
146.512177 132.506500 133.000000 93.288399 278.196960 3 -1
268.669373 49.462257 32.000000 93.698273 277.020905 1 -1
357.265656 160.935013 15.000000 334.078094 275.225525 0 1
32.831242 84.996490 19.000000 237.427307 274.608246 0 1
91.885590 349.181732 25.000000 261.975433 274.459198 0 -1
296.275970 379.694580 26.000000 180.574265 273.204407 0 1
120.677429 376.240326 15.000000 247.881958 273.067810 0 1
83.837105 116.370659 25.000000 96.394684 272.863922 0 1
26.255924 76.122742 16.000000 240.592529 272.491516 0 -1
52.736732 83.562943 14.000000 329.293030 270.323212 0 -1
378.201996 72.082146 20.000000 224.587204 266.939606 0 -1
249.315811 153.696686 26.000000 108.286758 266.616119 0 1
352.607056 101.021530 15.000000 267.356689 265.553040 0 1
53.324444 284.275604 26.000000 287.317444 265.162231 1 -1
48.138477 352.024139 26.000000 154.340515 264.500275 1 1
255.226135 294.687775 49.000000 272.223572 264.246033 2 -1
18.746010 82.705971 19.000000 271.278229 261.962006 0 -1
226.982086 137.596222 15.000000 101.575294 261.570312 0 1
297.270386 296.199432 15.000000 258.524048 261.203308 0 -1
124.832542 21.777424 14.000000 259.552002 257.521088 0 -1
171.945663 142.775223 41.000000 101.530869 254.981201 1 -1
372.077393 195.617615 20.000000 260.960297 254.516464 0 1
33.671577 108.910980 27.000000 96.474121 254.355652 1 1
101.833557 78.523506 24.000000 101.062607 254.108994 0 1
137.337967 381.385803 26.000000 316.382690 253.419693 0 1
183.415482 61.438118 41.000000 52.229237 251.717117 1 1
291.878510 243.135513 27.000000 185.892258 251.616806 0 -1
166.718735 135.571747 69.000000 109.384247 251.229630 2 -1
339.492035 79.700592 22.000000 94.797623 251.174576 0 1
131.515335 129.839340 136.000000 90.794777 250.554977 3 -1
344.645020 331.207428 14.000000 350.988647 250.363678 0 1
286.495300 81.383865 16.000000 266.603973 249.514069 0 -1
143.082413 47.463886 16.000000 226.162003 248.936661 0 -1
241.199081 109.858604 16.000000 257.290771 248.678024 0 1
57.147980 120.794701 19.000000 97.247154 247.987183 0 -1
138.422852 94.791512 15.000000 59.584908 247.491898 0 -1
137.088089 379.472015 20.000000 296.853851 246.798828 0 1
340.846924 277.209442 14.000000 181.212219 246.607056 0 1
297.037720 255.122238 15.000000 255.922333 246.003433 0 -1
164.532318 48.516560 16.000000 38.094555 244.184570 0 -1
130.664185 330.519043 25.000000 348.718842 243.728210 0 -1
61.328991 294.880890 55.000000 289.857697 241.357666 1 -1
250.989853 194.015793 51.000000 98.097931 240.529373 1 1
293.904419 255.324493 15.000000 257.273682 239.495255 0 -1
37.072014 380.710846 27.000000 186.784531 239.184113 0 1
88.620667 349.067535 26.000000 308.131592 238.042374 0 -1
367.878571 70.526833 21.000000 238.851410 237.028473 0 1
300.845337 299.747498 16.000000 177.620956 236.991211 0 -1
378.869049 304.730011 29.000000 265.707642 236.039978 0 -1
357.415558 163.610352 21.000000 342.951660 233.895020 0 1
341.093597 285.060455 25.000000 0.129033 233.843582 0 1
166.090027 47.372761 21.000000 41.368324 230.530945 0 -1
180.287308 385.431305 12.000000 338.590912 229.583984 0 -1
321.829041 144.260941 20.000000 185.341446 227.976089 0 1
142.128220 81.420853 26.000000 77.583809 226.518509 0 1
52.692249 92.960953 14.000000 327.219055 226.219955 0 -1
140.901871 82.044128 29.000000 70.700256 226.198029 1 1
26.748960 295.022949 13.000000 200.137787 224.953979 0 -1
23.812302 281.229828 26.000000 263.635559 224.013184 1 -1
318.999115 240.514572 43.000000 182.417053 223.592270 1 1
65.571587 116.553864 16.000000 94.112892 222.684174 0 1
383.510712 65.874756 16.000000 231.855530 220.494080 0 1
298.842529 275.933380 15.000000 192.734497 220.391510 0 1
22.211216 80.744057 31.000000 246.480942 219.846359 1 -1
51.047356 114.087799 20.000000 97.993416 219.800552 0 1
366.461578 121.649849 29.000000 22.627483 219.468872 0 -1
349.803345 91.059883 19.000000 86.463097 219.275650 0 1
79.318924 345.673889 21.000000 335.973206 217.895432 0 1
346.898560 89.405197 21.000000 98.633621 217.800797 0 1
336.849884 296.712067 24.000000 357.505493 217.770355 0 -1
139.820557 63.066582 13.000000 62.575012 217.681839 0 1
364.215302 125.972794 15.000000 75.241989 217.509232 0 -1
115.837105 48.641083 22.000000 28.875467 215.839447 0 -1
336.898499 303.205261 23.000000 355.386566 215.272202 0 -1
248.486237 153.625092 28.000000 108.228394 214.493347 1 1
343.947052 205.000229 14.000000 359.594543 212.893921 0 1
117.605423 47.854042 15.000000 40.875652 209.786972 0 -1
316.281097 259.141418 15.000000 181.190536 209.090408 0 1
340.599121 321.574402 13.000000 182.636292 208.523193 0 1
55.120255 342.973724 17.000000 175.153275 208.341003 0 1
267.486572 45.349949 45.000000 83.862297 207.604706 1 -1
235.593109 368.997498 19.000000 31.343897 206.844162 0 1
243.858551 121.242653 15.000000 229.066467 206.836151 0 1
318.081238 283.517883 28.000000 182.402481 206.597168 1 1
341.372162 323.130371 14.000000 186.033295 206.292984 0 1
294.605042 98.538826 13.000000 288.426086 205.995377 0 1
286.930389 249.110214 14.000000 6.986594 205.912308 0 -1
243.672363 311.069000 14.000000 275.128021 205.805603 0 -1
64.940567 86.308243 21.000000 61.734192 203.095734 0 1
158.136810 131.606964 18.000000 93.298485 202.070679 0 1
333.840973 102.389389 18.000000 359.018372 201.454590 0 1
365.146362 128.643982 31.000000 27.684900 200.902817 1 -1
259.802704 142.645462 15.000000 116.999962 200.575928 0 1
295.667389 262.617340 14.000000 243.825333 200.520264 0 1
318.152252 242.205566 21.000000 181.598297 199.756104 0 1
354.546844 187.370193 12.000000 346.955200 199.729523 0 -1
299.353210 286.313904 17.000000 190.653534 199.376221 0 1
49.268593 61.554432 16.000000 62.585201 198.881195 0 1
254.961731 309.161133 15.000000 267.768433 198.521912 0 -1
242.176651 127.765999 26.000000 46.974087 198.314392 0 1
128.273514 116.135658 15.000000 80.767845 197.930817 0 1
27.303143 338.062683 14.000000 180.779129 197.126282 0 -1
145.840561 64.632133 81.000000 89.176819 196.993866 2 1
171.938782 332.473541 13.000000 179.144211 195.637070 0 -1
208.336929 130.954132 30.000000 115.698296 194.137589 1 1
207.065094 131.638062 26.000000 122.408958 194.072159 0 1
368.507202 18.490742 25.000000 257.534119 193.360840 0 1
198.720963 140.527435 23.000000 133.965088 192.834869 0 -1
250.063248 194.130661 56.000000 99.246391 192.398010 2 1
305.804016 264.052582 13.000000 180.791168 191.274628 0 -1
276.546722 377.683411 29.000000 359.636963 189.585602 0 1
271.765411 384.025452 19.000000 178.710938 189.400940 0 1
210.504333 112.358421 54.000000 115.341888 189.256302 1 1
183.802521 53.799465 13.000000 242.683105 187.441498 0 1
22.246555 289.903687 18.000000 266.992310 187.005371 0 1
326.163818 198.277786 28.000000 181.598740 185.991455 0 1
211.744446 114.439674 59.000000 113.384941 185.281067 2 1
350.389679 250.373917 14.000000 359.161835 185.144119 0 -1
38.897972 28.144112 31.000000 250.242126 184.743744 1 -1
298.891541 223.278122 14.000000 275.255249 184.395096 0 1
85.277336 345.950531 13.000000 276.559631 184.272522 0 1
176.728241 112.343948 22.000000 132.385208 183.181900 0 1
296.985474 287.578156 26.000000 184.709305 182.885757 0 1
309.579865 84.571350 82.000000 341.472656 182.274246 2 1
300.495636 176.158752 17.000000 177.268082 182.061859 0 1
294.799774 76.343239 28.000000 269.108856 181.845398 0 1
351.371521 270.033661 15.000000 2.308320 181.487366 0 -1
232.710556 89.003067 117.000000 96.990295 180.327576 3 -1
379.809540 83.489182 29.000000 145.572601 180.235962 0 1
240.570328 334.563873 19.000000 203.722824 180.045776 0 -1
242.265457 127.955452 29.000000 47.314186 179.717392 1 1
386.364960 100.271812 15.000000 133.276443 179.113464 0 1
378.328033 84.004204 28.000000 134.363220 179.030853 0 1
187.184677 86.517120 26.000000 227.667847 178.608795 0 1
38.154030 28.726297 27.000000 252.281219 178.386353 0 -1
200.551254 115.936722 18.000000 85.406815 177.922104 0 1
185.222931 114.096092 46.000000 119.308723 177.397629 1 1
349.960785 262.570129 14.000000 1.438753 176.947296 0 -1
225.130371 46.770023 16.000000 76.368813 176.869919 0 -1
315.718170 253.902328 22.000000 181.282471 176.734924 0 1
216.096558 29.374889 24.000000 263.403992 175.851212 0 -1
315.617737 316.545380 19.000000 181.822189 175.045151 0 1
324.744293 191.614914 25.000000 178.748886 174.638535 0 1
98.796837 128.579285 15.000000 98.914787 173.969864 0 -1
211.028748 111.533585 19.000000 69.941032 173.910156 0 -1
335.647522 68.655823 18.000000 82.300400 173.388519 0 -1
297.021027 237.928787 16.000000 252.087463 172.959656 0 -1
338.485413 73.015381 39.000000 347.455994 172.853775 1 -1
289.869385 217.994141 16.000000 352.136871 172.755798 0 -1
328.920288 348.271729 13.000000 294.224274 171.877975 0 1
363.499359 176.836685 15.000000 93.448273 171.842438 0 1
325.990326 195.194229 26.000000 180.282166 171.688110 0 1
92.549377 310.376129 14.000000 271.136871 171.641022 0 -1
293.714478 237.978760 15.000000 356.037231 170.387894 0 -1
357.452118 33.542107 26.000000 108.453186 169.844879 0 1
329.304657 15.716972 13.000000 262.355774 169.260086 0 1
120.014107 74.474091 20.000000 82.917404 168.556686 0 1
386.024170 183.284637 15.000000 87.039597 168.210953 0 1
373.937378 130.622116 15.000000 272.397308 167.980591 0 1
298.920502 126.865044 26.000000 71.818748 167.473206 0 1
130.725830 76.559402 19.000000 89.125465 167.397934 0 -1
54.365158 25.712700 33.000000 246.831711 167.381424 1 -1
289.806030 54.494415 24.000000 77.918358 166.670563 0 -1
248.805679 94.585548 16.000000 88.182564 166.353790 0 1
294.908691 95.543343 56.000000 189.938889 165.897491 1 -1
362.431793 341.772797 21.000000 199.157883 165.624847 0 1
91.025345 338.867279 53.000000 280.878906 165.428574 1 -1
325.761597 275.459290 43.000000 182.603714 165.259583 1 1
334.045288 302.228577 21.000000 357.471100 164.382187 0 -1
13.933858 113.830498 14.000000 100.966484 163.914139 0 -1
154.050201 57.039516 45.000000 56.199158 163.771149 1 1
82.215897 106.805840 40.000000 91.370186 163.032257 1 1
43.756363 347.927032 13.000000 163.437164 162.152969 0 1
186.623352 371.745148 14.000000 28.899042 161.745071 0 1
57.804115 69.656525 15.000000 80.266296 161.061829 0 -1
162.235138 306.428772 32.000000 273.390320 160.958435 1 -1
297.145386 240.508560 15.000000 241.783035 160.794617 0 -1
339.000763 68.965752 20.000000 84.509552 159.947601 0 -1
166.033295 373.587006 12.000000 187.818726 159.672714 0 1
376.927032 148.258255 23.000000 35.821449 157.474335 0 -1
191.834839 84.385338 15.000000 240.832565 156.653793 0 1
306.265839 264.425873 58.000000 182.918121 155.304916 1 -1
295.532562 272.489410 17.000000 194.410461 155.289154 0 1
93.586823 61.860214 20.000000 83.713165 155.259399 0 1
290.117828 278.084930 16.000000 201.822281 154.668304 0 -1
114.660400 298.246216 55.000000 273.806671 154.331604 2 -1
352.516083 338.898224 23.000000 193.912552 153.971817 0 -1
63.501907 112.638092 29.000000 95.207031 152.485001 1 1
64.488434 112.230896 28.000000 95.110542 152.327393 0 1
328.318939 304.395996 18.000000 359.408203 151.969849 0 1
289.987183 284.610291 14.000000 213.214050 151.866028 0 -1
376.704376 144.771759 21.000000 44.025814 151.047440 0 -1
361.191650 76.907974 15.000000 110.703712 150.837906 0 -1
99.990150 311.286194 13.000000 269.900055 149.938553 0 -1
236.840622 151.121750 16.000000 102.041702 149.794296 0 1
288.169952 279.519257 26.000000 186.260834 149.571838 0 -1
131.057770 104.232788 26.000000 56.028069 149.179108 0 -1
350.850830 125.523460 47.000000 338.517853 148.816727 1 -1
316.841644 256.077026 16.000000 181.103653 148.218292 0 1
94.997574 85.884834 19.000000 112.156593 148.009247 0 -1
310.391144 94.563232 13.000000 190.215866 146.798141 0 1
156.772400 60.384029 81.000000 86.829613 146.762207 2 1
355.054718 360.044434 15.000000 179.826660 146.186996 0 -1
358.156067 33.217953 27.000000 112.275269 145.114594 1 1
236.479507 81.774315 13.000000 94.293343 145.099350 0 1
192.744980 136.166641 44.000000 117.409431 144.861801 1 -1
226.180389 46.274303 17.000000 77.427734 144.216629 0 -1
376.394409 225.732971 16.000000 267.782715 143.930252 0 1
49.980888 100.844215 14.000000 314.363892 143.879349 0 1
304.810181 269.072113 25.000000 181.271896 142.912979 0 -1
302.215881 223.390457 14.000000 183.863098 142.608826 0 1
378.225616 208.463623 28.000000 89.725571 139.650940 0 1
325.431671 288.147980 22.000000 182.037079 138.964600 0 1
175.545624 164.137146 21.000000 288.205750 138.092575 0 -1
378.703674 189.228241 14.000000 276.936157 137.697388 0 -1
97.171707 17.405796 15.000000 212.083206 137.521118 0 -1
68.234032 352.023468 22.000000 348.128723 137.252228 0 1
62.213425 67.792381 28.000000 79.953171 136.634979 0 -1
365.996429 104.036713 19.000000 265.408051 135.482941 0 1
262.669250 68.218887 42.000000 160.643753 135.179657 1 1
355.643799 316.107910 12.000000 266.847900 135.090500 0 1
354.343262 375.540314 13.000000 188.392532 134.824295 0 -1
251.602646 353.981384 20.000000 32.758457 133.574677 0 1
142.508423 236.437485 57.000000 85.223274 132.385925 1 -1
65.948540 343.173767 14.000000 354.612000 132.227585 0 1
324.696411 204.244965 37.000000 181.909714 131.754517 1 1
190.252380 137.003708 20.000000 124.343201 131.594543 0 1
350.160889 252.678116 15.000000 359.667480 130.846313 0 -1
131.479263 103.657494 30.000000 66.990631 130.503967 1 -1
265.251129 210.123444 19.000000 86.144989 130.461090 0 -1
264.647949 122.504181 30.000000 173.855789 129.290237 1 1
383.851837 158.676102 15.000000 269.000641 129.177185 0 1
289.717499 214.374939 15.000000 355.212189 128.936874 0 -1
341.484283 115.859047 28.000000 343.221893 127.998413 0 1
262.808197 121.155716 22.000000 181.321060 127.976898 0 1
373.160248 177.977448 27.000000 92.145126 127.960175 0 1
251.101990 166.070633 23.000000 116.220764 127.319885 0 -1
376.616150 177.269623 25.000000 88.935463 127.253242 0 1
274.087616 121.312065 80.000000 179.965424 127.191917 2 1
42.737854 18.869181 22.000000 93.648476 126.608376 0 1
189.472244 105.968391 64.000000 114.875816 126.494759 2 1
80.517540 345.569702 21.000000 333.903595 126.356194 0 1
304.725739 246.787781 49.000000 182.444000 126.246315 2 -1
264.889862 318.221344 13.000000 268.452271 126.184845 0 1
245.555634 337.968445 23.000000 357.005676 125.644333 0 1
169.838425 131.947189 20.000000 91.384804 125.003281 0 1
143.673935 106.862198 21.000000 163.575668 124.576019 0 1
327.458466 285.569519 29.000000 182.983475 123.323105 0 1
322.369537 328.485840 14.000000 185.201569 123.121384 0 -1
381.127472 57.933769 13.000000 229.450455 122.906128 0 -1
294.903503 239.383087 27.000000 184.154739 122.861198 0 -1
281.038910 92.846817 49.000000 177.867203 121.792084 1 1
293.936768 265.169220 15.000000 175.749405 121.058380 0 -1
281.270416 296.266479 29.000000 282.760742 119.943893 0 -1
93.678795 108.375847 64.000000 89.163712 119.678467 2 1
273.404785 163.685135 22.000000 106.438164 119.654312 0 -1
300.848694 267.261780 15.000000 185.527435 118.958145 0 -1
287.097626 278.563690 18.000000 186.817093 118.567139 0 -1
142.402649 236.058182 62.000000 86.483788 118.459885 2 -1
105.162689 325.075806 85.000000 278.195618 116.833458 2 1
317.946991 269.729248 26.000000 181.482025 115.992096 0 1
92.187935 107.831375 60.000000 89.722542 114.075577 1 1
361.723328 352.476990 28.000000 188.813965 113.186813 0 1
189.866867 165.519516 29.000000 289.356873 112.390236 0 -1
352.499481 246.444763 14.000000 358.585815 111.723289 0 -1
130.435074 85.923920 13.000000 219.488602 111.562477 0 1
356.792969 167.916962 15.000000 346.476166 111.408585 0 1
70.512825 80.902145 15.000000 35.841579 111.127327 0 -1
285.243225 113.728424 54.000000 180.194885 110.700890 2 1
60.242249 109.724503 21.000000 94.413666 109.934975 0 1
176.092667 78.034035 59.000000 77.409973 109.621864 1 -1
354.142517 250.122284 14.000000 359.327362 109.142380 0 -1
300.719299 273.892426 15.000000 185.176971 108.890808 0 -1
295.212891 275.973267 22.000000 182.861923 108.565155 0 1
124.811455 40.758377 22.000000 31.342194 108.125092 0 -1
251.145081 166.478302 26.000000 114.381577 107.804855 1 -1
207.632202 160.846756 30.000000 95.866997 106.935654 1 -1
293.063293 68.393387 13.000000 262.217010 106.903030 0 -1
205.922256 164.029800 40.000000 99.946106 106.557327 1 -1
190.109894 165.709732 31.000000 289.632812 106.419083 1 -1
76.034134 220.234970 106.000000 93.233940 106.154076 2 -1
303.240814 269.104126 25.000000 181.572678 105.916283 0 -1
108.298080 308.801636 16.000000 273.292908 105.450653 0 -1
337.658508 138.940277 26.000000 338.600983 104.891617 0 -1
299.557739 125.932877 24.000000 71.286163 104.080498 1 1
130.562134 61.034676 19.000000 89.002609 103.971542 0 -1
361.313477 344.917511 19.000000 189.511566 103.735672 0 1
90.912544 69.584633 14.000000 87.043259 103.665482 0 -1
356.116699 180.429016 12.000000 87.803421 103.570099 0 1
384.164490 17.011387 13.000000 99.038155 103.520439 0 1
128.098358 94.500099 15.000000 57.080379 103.478928 0 1
323.070099 281.844910 26.000000 182.097321 103.123993 0 1
69.698242 216.859833 21.000000 96.312714 101.687935 0 -1
291.858734 279.938904 27.000000 186.764771 100.828789 0 -1
